28802.111272 22726.788228 25541.164794 23787.052719 
31335.244151 24602.756259 27327.284520 25307.531609 
28326.169541 22412.924121 24910.534034 23254.271602 
33056.840631 26149.203999 28720.654044 26733.982449 
30915.923192 24422.803093 26989.828992 25264.068137 
32841.299507 25958.874920 28927.503920 27104.008427 
31658.382267 25009.717974 27761.699926 25854.520030 
30528.094917 24017.566771 26912.927378 25031.711382 
32314.696388 25514.330209 28277.486522 26410.952940 
33166.729782 26314.243821 29088.521234 26984.878139 
30786.494907 24405.690528 26687.913682 25059.013369 
31385.631873 24829.384824 27382.141955 25413.629709 
32145.865891 25437.924445 28166.307110 26462.643374 
31013.254808 24553.687443 26981.357378 25202.341127 
34802.992209 27458.192537 30524.345881 28488.194494 
27639.163205 21891.686361 23988.457375 22492.257227 
30852.850721 24385.799514 26955.797802 24989.908243 
28004.588606 21960.536021 24707.946347 23036.190556 
32618.823957 25708.013920 28748.258398 26697.460197 
31184.981817 24606.596412 27374.696082 25434.167139 
29092.932262 23099.797375 25398.736835 23669.195085 
29045.771908 22878.986579 25494.910149 23630.322271 
31403.508106 24724.303831 27607.815397 25702.823409 
37310.968374 29612.459619 32681.856841 30448.313451 
32741.774291 25916.191055 28318.969222 26373.759615 
34785.443133 27476.372448 30703.087264 28418.805600 
31558.976656 24789.485753 27516.589259 25740.895750 
29349.150973 23176.456625 25511.114966 23834.579614 
34263.812564 27089.194082 30069.300193 28172.059781 
31622.747303 25043.694048 27786.150576 25989.235512 
30379.188759 23939.734868 26530.911442 24594.065888 
32556.572698 25638.410628 28289.968795 26360.310608 
32364.284259 25684.374888 28121.485026 26214.985911 
33034.201055 26022.485127 28997.684625 26788.666000 
33198.622809 26193.628758 28991.863089 27089.021372 
31344.801086 24855.346605 27249.674594 25353.089263 
31736.205385 25015.182432 28010.593188 26111.282373 
29216.774217 23135.028141 25682.679983 23989.529724 
33936.825927 26963.130500 29900.478827 27793.885799 
27505.403986 21813.556116 24019.640733 22292.886433 
32899.677740 25971.286013 28983.987536 27018.348036 
32572.171714 25748.616364 28678.245581 26587.462933 
30853.939942 24251.569928 27019.547790 25209.452094 
30625.235281 24222.979528 26676.866143 24990.603674 
31449.368650 24762.894174 27869.013601 26085.502415 
29659.615694 23445.176565 26018.633691 24113.817083 
30344.385236 23981.191117 26270.150949 24606.375242 
33574.245671 26419.114590 29543.834420 27611.041206 
32636.319615 25771.869675 28417.479301 26534.367586 
29323.866437 23144.302350 25649.097921 24002.093975 
28784.771051 22619.187369 25323.198536 23605.587231 
30757.014008 24273.725971 27019.440356 25104.460798 
27131.104605 21233.831348 23995.075901 22250.837342 
30408.754632 24014.719909 26920.935867 25002.000074 
31934.754705 25181.358540 27950.225251 26015.275343 
28143.428780 22151.930948 24436.295232 22770.112912 
33918.637467 26809.173461 29922.621161 27864.845804 
28454.650516 22312.861798 24899.057340 23419.017659 
31825.785714 25236.834881 27723.647249 25934.627482 
32107.957927 25269.090875 28329.042191 26425.689616 
31187.355063 24603.146160 27283.857321 25425.751553 
32520.817785 25514.880220 28532.087673 26342.397924 
30810.560446 24336.825331 27007.531289 25135.908907 
37427.676050 29513.178229 32779.567868 30591.616232 
